Class 61:
61_6106 90
61_6108	80
61_6123 100
61_6127 90
61_6111 100
61_6118 100
61_6139 90
61_6156 100
61_6150 90
61_6176 100
61_6193 90
61_6200 90

Class 58
5811 100
5820 100
5822 90
5827 100
5831 100
5843 100
5844 100
5846 90
5872 100
5877 100

Class 41
4123 100
4104 100
4126 100
4127 100
4128 100
4129 100
4149 100
4151 100
4155 100
4156 100
4163 100
4166 100
4169 100

Class 17
1729 100
1701 100
1707 100
1725 100
1731 100
1733 100
1734 90
1744 100
1748 100
1749 100
1751 100
1766 100
1772 100
1786 100
1799 100

Class 11
1181 100
1141 100
1126 100
1133 100
1134 100
1137 100
1144 100
1146 100
1147 100
1157 100
1162 100
1164 90
1171 100

Class 5
501 100
521 100
524 100
573 100

CLass 4
499 100
494 100
483 100

Class 3
301 100
307 100
312 100
319 100
321 100
326 100
341 100
349 100
345 100
357 100
364 100
367 100
369 100
384 100
392 100
397 100
399 100

Class 2
292 100
298 100
291 100
288 100
281 100
261 100
264 100
267 100
269 100
277 100
207 100
220 100
225 100

Class 1
125 100
121 100
111 100
115 100
145 100
132 100
137 100
142 100
187 100
197 100
129 100


